Times
1999
2999
4999
5999
7999
8999
10999
11999
12999
13999
14999
16999
18999
19999
20999
21999
23000
23999
24999
26999
28999
30999
32999
34999
35999
36999
37999
38999
39999
40999
41999
43999
44999
45999
46999
48000
48999
49999
51999
53999
55999
57999
59999
60999
62000
62999
64000
64999
65999
67999
69999
71999
73999
74999
75999
76999
77999
78999
80000
80999
81999
82999
83999
84999
85999
87000
87999
88999
89999
91999
92999
94999
96999
98999
99999
100999
103000
103999
104999
105999
106999
107999
108999
109999
110999
112999
113999
114999
115999
116999
117999
119000
119999
120999
121999
123999
124999
125999
126999
128000
128999
130999
131999
132999
133999
135000
135999
137999
138999
139999
140999
141999
142999
144000
144999
145999
146999
148999
149999
151000
151999
152999
153999
154999
155999
157999
