Times
501
1501
3500
4499
5498
6498
7497
8497
9496
10496
12494
13494
14493
15493
17491
18491
19490
20490
21489
22489
23488
24487
25487
26486
27486
28485
29485
31483
32483
33482
34482
35481
36481
37480
38479
39479
40478
41478
42477
43476
45475
46475
47474
48474
49473
50472
51471
52470
53470
54469
56469
57468
58468
59466
60466
61465
62465
63464
64463
65463
66462
67462
68461
69460
70460
71459
73458
74458
75457
76456
77456
78455
79455
80454
81454
82453
83452
84452
85451
86451
87450
88450
90448
91448
92447
93447
