Times
726
1725
2724
4723
5723
6722
7721
8721
9720
10720
11719
12719
13718
14716
15716
16715
17715
18714
20713
21712
22712
24711
25710
26710
28708
29708
30707
31707
32706
33705
34705
35704
36704
37703
38703
39702
40701
41701
42700
43700
44699
45699
46698
47697
48697
49696
50696
51695
52695
53694
54693
55693
56692
57692
58691
59691
60690
61689
62689
64688
65687
66686
67686
68685
69685
70683
71683
72682
73681
74681
75680
76680
77679
78679
79678
80677
81677
82676
83676
84675
85675
86674
87673
88673
89672
90672
91671
92670
93670
94669
95669
96668
97668
98667
99666
101665
102665
103664
104664
105663
106662
107662
108661
109661
110660
111660
112659
113658
114658
115657
117656
119655
120654
121654
122653
123653
124652
125651
126651
127650
128650
129649
130649
131648
132647
133647
134646
135646
136645
137645
139643
140643
141642
142642
143641
144641
