currentTime,delta
151,151
1150,999
2150,1000
3149,999
4149,1000
5148,999
6148,1000
7147,999
8146,999
10145,1999
11145,1000
12144,999
13144,1000
14143,999
15142,999
16142,1000
17141,999
18141,1000
19140,999
21139,1999
22138,999
23138,1000
24137,999
26136,1999
27136,1000
28135,999
29134,999
30134,1000
31133,999
33132,1999
34131,999
35130,999
37130,2000
38129,999
39128,999
40128,1000
41126,998
42127,1001
43125,998
44126,1001
45124,998
46125,1001
47123,998
48123,1000
49122,999
50122,1000
51122,1000
52121,999
53121,1000
54120,999
55118,998
56119,1001
57117,998
58117,1000
59117,1000
60116,999
61116,1000
62115,999
63114,999
64114,1000
65113,999
66113,1000
67111,998
68112,1001
69110,998
70111,1001
71109,998
72110,1001
73108,998
74108,1000
75107,999
76107,1000
77107,1000
79106,1999
80104,998
81104,1000
82103,999
83103,1000
84102,999
85102,1000
86100,998
87101,1001
88099,998
89100,1001
91099,1999
92097,998
93097,1000
94096,999
95095,999
96095,1000
97095,1000
98094,999
99093,999
100092,999
101093,1001
102091,998
104091,2000
105091,1000
106089,998
108089,2000
