currentTime,delta
988,988
1987,999
2987,1000
4985,1998
5985,1000
6984,999
8983,1999
9982,999
10982,1000
12981,1999
13980,999
15979,1999
16978,999
17978,1000
18977,999
19977,1000
20976,999
21976,1000
22975,999
23974,999
25973,1999
26973,1000
27972,999
28972,1000
29971,999
30970,999
31970,1000
32969,999
34968,1999
35968,1000
37966,1998
38966,1000
39965,999
40965,1000
41964,999
42963,999
44962,1999
45962,1000
46961,999
47961,1000
48960,999
49959,999
50959,1000
51958,999
53957,1999
54957,1000
55956,999
56955,999
57955,1000
58954,999
59954,1000
61953,1999
62952,999
63951,999
64951,1000
65950,999
66950,1000
67949,999
68948,999
69948,1000
70947,999
71947,1000
72946,999
73946,1000
74945,999
75944,999
76944,1000
78943,1999
79942,999
80942,1000
81941,999
82940,999
83940,1000
84939,999
85939,1000
86938,999
87938,1000
88937,999
89936,999
90936,1000
91935,999
92935,1000
93934,999
