currentTime,delta
158,158
1158,1000
2157,999
3156,999
4156,1000
5155,999
6155,1000
7154,999
8154,1000
9153,999
10152,999
11152,1000
12151,999
13151,1000
14150,999
15150,1000
16149,999
17148,999
18148,1000
19147,999
20147,1000
21146,999
22146,1000
23145,999
24144,999
25144,1000
26143,999
28142,1999
29142,1000
30141,999
31140,999
33139,1999
34139,1000
35138,999
36137,999
37137,1000
38136,999
39136,1000
40135,999
41135,1000
42134,999
43133,999
44133,1000
45132,999
46132,1000
47131,999
48131,1000
49130,999
50129,999
51129,1000
52128,999
53128,1000
54127,999
55127,1000
56126,999
57125,999
58125,1000
59124,999
60124,1000
61123,999
62123,1000
64121,1998
65121,1000
67120,1999
68119,999
69118,999
70118,1000
71117,999
72117,1000
73116,999
74116,1000
75115,999
76114,999
77114,1000
78113,999
