currentTime,delta
435,435
1434,999
3433,1999
4432,999
5432,1000
6431,999
8430,1999
9430,1000
10429,999
11428,999
12428,1000
13427,999
14427,1000
15426,999
16425,999
18424,1999
19424,1000
20423,999
21423,1000
22422,999
23421,999
24421,1000
25420,999
27419,1999
29418,1999
30417,999
31417,1000
32416,999
34415,1999
35415,1000
36414,999
37413,999
38413,1000
39412,999
40412,1000
41411,999
42411,1000
43410,999
44409,999
45409,1000
46408,999
48407,1999
49406,999
50406,1000
51405,999
52405,1000
53404,999
54404,1000
55403,999
56402,999
58401,1999
59401,1000
60400,999
61400,1000
62399,999
63398,999
64398,1000
65397,999
66397,1000
67396,999
68396,1000
69395,999
70394,999
71394,1000
72393,999
73393,1000
75392,1999
76391,999
77390,999
78390,1000
79389,999
80389,1000
81388,999
82387,999
83387,1000
84386,999
85386,1000
